
0000737
0002094
0002637
0002919
0300740
0300957
1600249
1600315
1603605
1603630
1603983
0000611
0000726
0000850
0000955
0000982
0002003
0002029
0002042
0002083
0002087
0002098
0002144
0002154
0002193
0002269
0002291
0002293
0002327
0002345
0002394
0002397
0002404
0002485
0002486
0002494
0002503
0002516
0002563
0002569
0002574
0002612
0002634
0002656
0002674
0002687
0002721
0002731
0002740
0002762
0002763
0002776
0002832
0002867
0002875
0003016
0003041
0300005
0300577
0300591
0300658
0300840
0300877
0300901
0300918
0300945
0300952
0300979
1600107
1600137
1600146
1600156
1600177
1600220
1600232
1600398
1600400
1600439
1600448
1600493
1600612
1600626
1600630
1600689
1600987
1601339
1601566
1601599
1601718
1603001
1603055
1603116
1603196
1603238
1603365
1603477
1603511
1603518
1603557
1603558
1603587
1603608
1603665
1603808
1603839
1603877
1603889
1603900
1603908
1603958
1605003
1605055
1605080
1605189
0000049
0000400
0000533
0000922
0001208
0002028
0002074
0002112
0002130
0002164
0002169
0002176
0002202
0002218
0002227
0002249
0002270
0002276
0002300
0002309
0002334
0002335
0002339
0002346
0002350
0002358
0002364
0002380
0002451
0002452
0002459
0002471
0002498
0002506
0002518
0002531
0002533
0002546
0002560
0002576
0002580
0002606
0002610
0002617
0002660
0002665
0002692
0002706
0002730
0002733
0002745
0002782
0002801
0002851
0002860
0002879
0002882
0002892
0002922
0002927
0002953
0003008
0300001
0300004
0300014
0300018
0300035
0300040
0300048
0300062
0300068
0300069
0300073
0300080
0300116
0300118
0300125
0300129
0300141
0300153
0300208
0300215
0300222
0300265
0300274
0300283
0300341
0300356
0300376
0300407
0300423
0300427
0300438
0300444
0300447
0300477
0300484
0300490
0300491
0300510
0300543
0300593
0300600
0300617
0300626
0300650
0300660
0300670
0300690
0300693
0300713
0300750
0300763
0300772
0300820
0300827
0300889
0300907
0300913
0300933
0301002
0301008
0301012
1600089
1600110
1600152
1600192
1600202
1600268
1600290
1600312
1600379
1600405
1600406
1600416
1600468
1600482
1600517
1600525
1600537
1600550
1600560
1600577
1600580
1600590
1600732
1600847
1600869
1600875
1600877
1600885
1600973
1601012
1601126
1601179
1601311
1601616
1601700
1601727
1601877
1603015
1603016
1603045
1603050
1603063
1603105
1603109
1603185
1603195
1603333
1603416
1603488
1603489
1603515
1603530
1603583
1603606
1603618
1603628
1603679
1603685
1603728
1603819
1603829
1603861
1603897
1603988
1605066
1605196
1605222
1605277
1605288
1605378
1688005
1688006
1688063
1688330
1688345
1688390
1688395
1688408
1688517
1688560
1688567
1688599
1688611
1688660
1688663
1688676
1688681
1688698
1688819
0000009
0000034
0000409
0000502
0000571
0000576
0000632
0000633
0000839
0000881
0000909
0002622
0002967
0300662
0300688
0300795
0300887
0300938
0300947
0300962
1600051
1600139
1600149
1600212
1600234
1600281
1600614
1600620
1600647
1600730
1600770
1600784
1600805
1600884
0000408
0000422
0000510
0000525
0000545
0000553
0000565
0000635
0000683
0000691
0000698
0000731
0000818
0000822
0000830
0000859
0000887
0000893
0000902
0000912
0000953
0000973
0000985
0000990
0001207
0002002
0002014
0002037
0002054
0002068
0002092
0002096
0002108
0002109
0002125
0002136
0002145
0002165
0002170
0002211
0002215
0002224
0002226
0002243
0002246
0002250
0002258
0002263
0002274
0002312
0002319
0002324
0002326
0002341
0002360
0002361
0002381
0002386
0002391
0002395
0002407
0002408
0002409
0002420
0002440
0002442
0002455
0002457
0002469
0002470
0002476
0002496
0002497
0002513
0002522
0002538
0002539
0002584
0002585
0002588
0002591
0002601
0002632
0002641
0002643
0002648
0002666
0002669
0002676
0002683
0002694
0002709
0002734
0002735
0002741
0002748
0002749
0002753
0002768
0002783
0002802
0002805
0002809
0002810
0002812
0002825
0002827
0002838
0002886
0002895
0002909
0002915
0002917
0002942
0002971
0002986
0003002
0003017
0003018
0003022
0003042
0300019
0300037
0300041
0300054
0300067
0300082
0300107
0300109
0300121
0300132
0300135
0300169
0300174
0300198
0300200
0300214
0300218
0300221
0300225
0300230
0300243
0300261
0300305
0300320
0300321
0300387
0300393
0300398
0300405
0300429
0300437
0300446
0300478
0300481
0300487
0300505
0300522
0300530
0300535
0300537
0300539
0300547
0300568
0300575
0300576
0300586
0300587
0300596
0300599
0300610
0300637
0300641
0300644
0300655
0300665
0300684
0300699
0300716
0300717
0300721
0300727
0300731
0300758
0300767
0300769
0300796
0300798
0300801
0300806
0300821
0300847
0300848
0300849
0300856
0300886
0300891
0300905
0300910
0300919
0300920
0300927
0300955
0300980
0300993
0300995
0301000
0301003
0000792
1600075
1600091
1600096
1600135
1600141
1600143
1600160
1600165
1600230
1600273
1600277
1600309
1600328
1600352
1600367
1600370
1600378
1600389
1600409
1600423
1600426
1600458
1600470
1600486
1600589
1600596
1600618
1600636
1600691
1600714
1600722
1600727
1600731
1600746
1600796
1600800
1600844
1600989
1601118
1601208
1601216
1601568
1601678
1603002
1603010
1603026
1603033
1603041
1603067
1603077
1603078
1603086
1603110
1603155
1603181
1603188
1603192
1603212
1603217
1603227
1603260
1603266
1603330
1603360
1603378
1603379
1603580
1603585
1603599
1603639
1603650
1603659
1603681
1603683
1603722
1603725
1603737
1603790
1603806
1603810
1603823
1603826
1603856
1603867
1603879
1603906
1603916
1603928
1603931
1603938
1603948
1603968
1603977
1603980
1603991
1605008
1605155
1605166
1605180
1605183
1605366
1605399
1605488
1688026
1688093
1688106
1688116
1688129
1688133
1688157
1688199
1688219
1688233
1688268
1688269
1688299
1688323
1688350
1688357
1688359
1688386
1688550
1688571
1688585
1688625
1688639
1688669
1688680
1688683
0000039
0000404
0000519
0000551
0000584
0000816
0000821
0000852
0000925
0002006
0002021
0002196
0002204
0002209
0002255
0002278
0002282
0002337
0002353
0002366
0002430
0002444
0002490
0002529
0002534
0002595
0002611
0002613
0002630
0002639
0002645
0002651
0002686
0002690
0002691
0002698
0002722
0002757
0002779
0002786
0002816
0002833
0002837
0002884
0002890
0002957
0002960
0002975
0002979
0003036
0003043
0300022
0300023
0300024
0300092
0300126
0300145
0300173
0300193
0300195
0300201
0300210
0300228
0300263
0300276
0300281
0300293
0300307
0300316
0300334
0300382
0300384
0300400
0300402
0300411
0300415
0300442
0300443
0300450
0300457
0300461
0300462
0300471
0300472
0300475
0300480
0300486
0300499
0300509
0300512
0300521
0300526
0300527
0300540
0300545
0300549
0300569
0300604
0300607
0300619
0300707
0300722
0300724
0300751
0300756
0300757
0300776
0300812
0300818
0300823
0300833
0300836
0300837
0300865
0300875
0300879
0300902
0300906
0300922
0300950
0300990
0300992
1600184
1600218
1600302
1600435
1600444
1600499
1600545
1600579
1600843
1600855
1600860
1601038
1601226
1601606
1601608
1601798
1603012
1603029
1603036
1603076
1603081
1603088
1603090
1603095
1603131
1603159
1603169
1603203
1603277
1603283
1603289
1603298
1603308
1603311
1603318
1603331
1603337
1603338
1603339
1603396
1603617
1603626
1603638
1603656
1603666
1603690
1603698
1603699
1603757
1603789
1603800
1603855
1603895
1603901
1603912
1603933
1603956
1603960
1605259
1605305
1688001
1688003
1688012
1688022
1688028
1688090
1688092
1688097
1688113
1688128
1688155
1688165
1688200
1688215
1688218
1688312
1688377
1688378
1688383
1688425
1688516
1688518
1688551
1688556
1688557
1688559
1688596
1688630
1688633
1688700
0000795
0002088
0002297
0300064
0300179
0300554
0300606
0300700
0300861
0300890
1600172
1600366
1600516
1603505
1603612
1603663
1603688
1605086
1688300
1688398
1688598
0000410
0000530
0000570
0000595
0000678
0000777
0000837
0000856
0000880
0000903
0002026
0002046
0002050
0002122
0002150
0002248
0002272
0002342
0002347
0002418
0002438
0002472
0002480
0002514
0002520
0002552
0002559
0002598
0002633
0002747
0002760
0002795
0002823
0002850
0002871
0002896
0002903
0002943
0003025
0003033
0300091
0300095
0300151
0300161
0300257
0300260
0300391
0300420
0300421
0300435
0300441
0300464
0300470
0300488
0300503
0300669
0300718
0300780
0300809
0300817
0300850
0300885
0300943
0300946
0300953
0300971
0300984
0300988
1600114
1600243
1600520
1600592
1600619
1600841
1601002
1601177
1601218
1601369
1601615
1601882
1601956
1603011
1603040
1603112
1603187
1603269
1603315
1603320
1603667
1603677
1603726
1603915
1603966
1603985
1605060
1605100
1605389
1688017
1688059
1688308
1688333
1688355
1688360
1688558
1688577
0000503
0000509
0000516
0000710
0002022
0002044
0002173
0002223
0002382
0002432
0002524
0002551
0002614
0002901
0002932
0002950
0300003
0300015
0300030
0300049
0300143
0300146
0300171
0300206
0300238
0300244
0300246
0300247
0300273
0300298
0300314
0300318
0300326
0300347
0300358
0300396
0300404
0300406
0300412
0300439
0300453
0300463
0300482
0300529
0300562
0300595
0300633
0300639
0300642
0300653
0300676
0300677
0300753
0300760
0300791
0300813
0300832
0300869
0300888
0300896
0300981
1600055
1600381
1600529
1600530
1600532
1600587
1600767
1600896
1603127
1603301
1603309
1603387
1603579
1603658
1603880
1603882
1603976
1603987
1605186
1605369
1688013
1688016
1688029
1688050
1688067
1688068
1688085
1688108
1688139
1688198
1688202
1688277
1688289
1688298
1688301
1688310
1688314
1688315
1688329
1688338
1688358
1688389
1688393
1688399
1688468
1688575
1688580
1688607
1688613
1688617
1688621
1688626
1688677
0000059
0000096
0000159
0000554
0000637
0000819
0002207
0002221
0002554
0002629
0002778
0002828
0300084
0300157
0300164
0300191
0300483
0300839
1600028
1600256
1600339
1600387
1600583
1600688
1600759
1600777
1600871
1600968
1601808
1601857
1603003
1603353
1603619
1603727
1603798
0000488
0000815
0001206
0002012
0002067
0002078
0002247
0002303
0002511
0002521
0002565
0003006
0300883
0301009
1600103
1600235
1600308
1600356
1600433
1600567
1600793
1600963
1600966
1603165
1603607
1603733
1603863
1605007
1605009
1605377
1605500
0000153
0000403
0000423
0000513
0000518
0000534
0000538
0000566
0000590
0000597
0000623
0000650
0000661
0000739
0000756
0000766
0000788
0000790
0000813
0000908
0000915
0000919
0000931
0000952
0000963
0000989
0000999
0002001
0002004
0002007
0002019
0002020
0002030
0002038
0002082
0002099
0002102
0002107
0002118
0002166
0002198
0002252
0002262
0002275
0002287
0002294
0002317
0002332
0002349
0002365
0002370
0002390
0002393
0002399
0002411
0002412
0002422
0002424
0002433
0002435
0002437
0002550
0002562
0002566
0002581
0002603
0002644
0002653
0002675
0002688
0002693
0002728
0002737
0002750
0002755
0002773
0002793
0002817
0002821
0002826
0002864
0002872
0002873
0002880
0002898
0002900
0002907
0002923
0002940
0003020
0300006
0300009
0300016
0300026
0300039
0300086
0300110
0300111
0300122
0300142
0300147
0300149
0300158
0300181
0300194
0300199
0300204
0300233
0300239
0300254
0300255
0300267
0300289
0300294
0300357
0300363
0300381
0300434
0300436
0300452
0300485
0300497
0300519
0300534
0300558
0300573
0300583
0300584
0300601
0300630
0300636
0300683
0300685
0300702
0300705
0300723
0300725
0300759
0300841
0300878
0300942
0300966
1600062
1600079
1600080
1600085
1600129
1600161
1600196
1600200
1600211
1600216
1600222
1600227
1600252
1600267
1600276
1600285
1600299
1600329
1600332
1600351
1600380
1600420
1600422
1600436
1600479
1600488
1600513
1600521
1600535
1600557
1600566
1600572
1600594
1600613
1600624
1600645
1600664
1600671
1600673
1600721
1600750
1600771
1600781
1600789
1600812
1600851
1600867
1600976
1600993
1603087
1603139
1603168
1603222
1603229
1603259
1603351
1603367
1603439
1603456
1603520
1603538
1603566
1603567
1603590
1603669
1603676
1603707
1603718
1603811
1603858
1603896
1603963
1603998
1605116
1605177
1605199
1688076
1688098
1688117
1688131
1688136
1688166
1688177
1688179
1688180
1688185
1688189
1688217
1688221
1688222
1688266
1688278
1688317
1688319
1688321
1688336
1688356
1688363
1688366
1688488
1688505
1688513
1688566
1688578
1688606
1688656
1688658
1688687
0002079
0002119
0002129
0002156
0002185
0002371
0002449
0002724
0003026
0300046
0300053
0300077
0300102
0300123
0300223
0300232
0300236
0300241
0300269
0300296
0300301
0300303
0300317
0300323
0300327
0300373
0300389
0300582
0300613
0300623
0300625
0300632
0300671
0300672
0300708
0300842
1600171
1600206
1600360
1600460
1600584
1600667
1600703
1603005
1603068
1603290
1603501
1603893
1603986
1605111
1605358
1688008
1688018
1688019
1688037
1688079
1688099
1688123
1688126
1688135
1688181
1688216
1688368
1688396
1688508
1688521
1688536
1688538
1688589
1688595
1688608
1688662
1688699
1688981
0000988
0002008
0002058
0002121
0002197
0002214
0002236
0002338
0002414
0002415
0002527
0002767
0002819
0002849
0002857
0002877
0002980
0300007
0300012
0300066
0300097
0300099
0300105
0300112
0300114
0300124
0300165
0300217
0300259
0300286
0300306
0300354
0300360
0300370
0300371
0300410
0300416
0300417
0300430
0300445
0300466
0300515
0300516
0300553
0300557
0300567
0300572
0300648
0300667
0300720
0300790
0300797
0300838
0300853
0300862
0300880
0300882
0300897
0301006
1600651
1601222
1601567
1603100
1603297
1603556
1603662
1603700
1688010
1688056
1688160
1688528
1688597
1688600
1688616
1688628
1688665
1688686
0000655
0000708
0000709
0000717
0000761
0000778
0000825
0000898
0000923
0000932
0000959
0000969
0001203
0002075
0002110
0002132
0002318
0002443
0002478
0002487
0002541
0002545
0002743
0002756
0002843
0300345
0300855
0300881
1600010
1600019
1600022
1600117
1600126
1600231
1600282
1600307
1600399
1600477
1600496
1600507
1600558
1600569
1600581
1600608
1600782
1600808
1600992
1601003
1601005
1601686
1601969
1603028
1603278
1603507
1603577
1603878
1603995
1605123
1605158
1688186
0000099
0000520
0000557
0001205
0002320
0002357
0002682
0002928
1600026
1600029
1600115
1600125
1600428
1600575
1600798
1601006
1601021
1601111
1601156
1601333
1601816
1601866
1601872
1601919
1601975
1603069
1603167
1603885
0000060
0000426
0000506
0000603
0000612
0000629
0000630
0000657
0000688
0000751
0000758
0000762
0000807
0000831
0000878
0000933
0000960
0000962
0000975
0002114
0002149
0002155
0002160
0002167
0002171
0002182
0002192
0002203
0002237
0002240
0002295
0002333
0002340
0002378
0002379
0002428
0002460
0002466
0002501
0002532
0002540
0002578
0002716
0002738
0002824
0002842
0002978
0002988
0002996
0003038
0300034
0300328
0300337
0300428
0300489
0300618
0300697
0300828
0300930
0300963
0300986
1600111
1600219
1600255
1600259
1600295
1600311
1600331
1600338
1600362
1600392
1600456
1600459
1600489
1600490
1600497
1600531
1600547
1600549
1600595
1600615
1600711
1600766
1600768
1600888
1600916
1600988
1601020
1601069
1601137
1601168
1601212
1601388
1601600
1601609
1601677
1601702
1601899
1601958
1603399
1603527
1603799
1603876
1603937
1603978
1603993
1605376
1688122
1688379
1688388
1688456
0000552
0000723
0000780
0000937
0000968
0000983
0002128
1600121
1600123
1600188
1600348
1600395
1600397
1600403
1600408
1600508
1600546
1600725
1600740
1600758
1600792
1600971
1600985
1600997
1601001
1601011
1601015
1601088
1601101
1601225
1601666
1601699
1601898
1601918
1603113
0000027
0000037
0000040
0000155
0000531
0000539
0000543
0000591
0000600
0000601
0000690
0000722
0000767
0000791
0000862
0000875
0000883
0000899
0000966
0000993
0001896
0002015
0002039
0002256
0002479
0002608
0003035
0003816
1600011
1600021
1600023
1600025
1600027
1600032
1600098
1600101
1600116
1600157
1600163
1600236
1600310
1600396
1600452
1600483
1600505
1600509
1600578
1600642
1600644
1600674
1600726
1600744
1600780
1600795
1600821
1600863
1600868
1600886
1600900
1600905
1600969
1600979
1600995
1601016
1601619
1601778
1601908
1601985
1601991
1603693
0000568
0000596
0000729
0000752
0000799
0000858
0000860
0000869
0000929
0000995
0002304
0002461
0002568
0002646
1600059
1600084
1600197
1600199
1600238
1600365
1600519
1600543
1600559
1600573
1600600
1600616
1600702
1600779
1600809
1601579
1603025
1603198
1603369
1603589
1603779
1603919
0000025
0000030
0000338
0000550
0000559
0000572
0000581
0000589
0000599
0000622
0000625
0000700
0000753
0000757
0000760
0000800
0000868
0000901
0000913
0000951
0000957
0000981
0000996
0001696
0002031
0002048
0002085
0002101
0002126
0002190
0002213
0002239
0002265
0002283
0002284
0002328
0002355
0002363
0002406
0002434
0002448
0002454
0002488
0002510
0002536
0002537
0002553
0002590
0002592
0002593
0002594
0002625
0002662
0002664
0002703
0002708
0002715
0002725
0002765
0002813
0002863
0002865
0002870
0002906
0002920
0002921
0002931
0002965
0002984
0002997
0300100
0300176
0300258
0300304
0300375
0300432
0300473
0300507
0300580
0300585
0300611
0300643
0300652
0300680
0300681
0300694
0300695
0300733
0300742
0300745
0300825
0300863
0300893
0300926
0300928
0300969
0300978
0300985
0300998
0301005
0301007
1600006
1600066
1600081
1600099
1600104
1600148
1600151
1600166
1600178
1600182
1600262
1600297
1600303
1600327
1600335
1600375
1600386
1600418
1600469
1600480
1600501
1600523
1600609
1600623
1600653
1600660
1600686
1600698
1600699
1600733
1600741
1600742
1600933
1600960
1601058
1601127
1601163
1601238
1601258
1601279
1601500
1601633
1601689
1601717
1601777
1601799
1601965
1601966
1603006
1603009
1603013
1603023
1603035
1603037
1603085
1603089
1603121
1603129
1603158
1603161
1603166
1603178
1603179
1603197
1603239
1603286
1603305
1603306
1603319
1603335
1603348
1603358
1603377
1603390
1603529
1603586
1603596
1603655
1603701
1603730
1603758
1603766
1603767
1603768
1603786
1603787
1603788
1603809
1603917
1603922
1603926
1603949
1603950
1603982
1603997
1605005
1605018
1605068
1605088
1605128
1605133
1605151
1605208
1605228
1605255
1605319
1605333
1688208
1688288
1688339
1688529
1688667
1689009
