300740
300957
300005
300577
300591
300658
300840
300877
300901
300918
300945
300952
300979
300001
300004
300014
300018
300035
300040
300048
300062
300068
300069
300073
300080
300116
300118
300125
300129
300141
300153
300208
300215
300222
300265
300274
300283
300341
300356
300376
300407
300423
300427
300438
300444
300447
300477
300484
300490
300491
300510
300543
300593
300600
300617
300626
300650
300660
300670
300690
300693
300713
300750
300763
300772
300820
300827
300889
300907
300913
300933
301002
301008
301012
300662
300688
300795
300887
300938
300947
300962
300019
300037
300041
300054
300067
300082
300107
300109
300121
300132
300135
300169
300174
300198
300200
300214
300218
300221
300225
300230
300243
300261
300305
300320
300321
300387
300393
300398
300405
300429
300437
300446
300478
300481
300487
300505
300522
300530
300535
300537
300539
300547
300568
300575
300576
300586
300587
300596
300599
300610
300637
300641
300644
300655
300665
300684
300699
300716
300717
300721
300727
300731
300758
300767
300769
300796
300798
300801
300806
300821
300847
300848
300849
300856
300886
300891
300905
300910
300919
300920
300927
300955
300980
300993
300995
301000
301003
300022
300023
300024
300092
300126
300145
300173
300193
300195
300201
300210
300228
300263
300276
300281
300293
300307
300316
300334
300382
300384
300400
300402
300411
300415
300442
300443
300450
300457
300461
300462
300471
300472
300475
300480
300486
300499
300509
300512
300521
300526
300527
300540
300545
300549
300569
300604
300607
300619
300707
300722
300724
300751
300756
300757
300776
300812
300818
300823
300833
300836
300837
300865
300875
300879
300902
300906
300922
300950
300990
300992
300064
300179
300554
300606
300700
300861
300890
300091
300095
300151
300161
300257
300260
300391
300420
300421
300435
300441
300464
300470
300488
300503
300669
300718
300780
300809
300817
300850
300885
300943
300946
300953
300971
300984
300988
300003
300015
300030
300049
300143
300146
300171
300206
300238
300244
300246
300247
300273
300298
300314
300318
300326
300347
300358
300396
300404
300406
300412
300439
300453
300463
300482
300529
300562
300595
300633
300639
300642
300653
300676
300677
300753
300760
300791
300813
300832
300869
300888
300896
300981
300084
300157
300164
300191
300483
300839
300883
301009
300006
300009
300016
300026
300039
300086
300110
300111
300122
300142
300147
300149
300158
300181
300194
300199
300204
300233
300239
300254
300255
300267
300289
300294
300357
300363
300381
300434
300436
300452
300485
300497
300519
300534
300558
300573
300583
300584
300601
300630
300636
300683
300685
300702
300705
300723
300725
300759
300841
300878
300942
300966
300046
300053
300077
300102
300123
300223
300232
300236
300241
300269
300296
300301
300303
300317
300323
300327
300373
300389
300582
300613
300623
300625
300632
300671
300672
300708
300842
300007
300012
300066
300097
300099
300105
300112
300114
300124
300165
300217
300259
300286
300306
300354
300360
300370
300371
300410
300416
300417
300430
300445
300466
300515
300516
300553
300557
300567
300572
300648
300667
300720
300790
300797
300838
300853
300862
300880
300882
300897
301006
300345
300855
300881
300034
300328
300337
300428
300489
300618
300697
300828
300930
300963
300986
300100
300176
300258
300304
300375
300432
300473
300507
300580
300585
300611
300643
300652
300680
300681
300694
300695
300733
300742
300745
300825
300863
300893
300926
300928
300969
300978
300985
300998
301005
301007
